# NACA 2705
1	-6.878025237429493e-18
0.9950392377334727	0.0009603819596316321
0.9900769184063257	0.0019078918498448148
0.9851130555743713	0.0028425440081953535
0.9801476626200921	0.0037643524035182096
0.9751807527565145	0.004673330634109017
0.970212339031109	0.005569491925908531
0.9652424343297132	0.006452849130689357
0.9602710513804806	0.007323414724245242
0.9552982027578526	0.008181200804582144
0.9503239008865555	0.00902621909011093
0.9453481580456217	0.009858480917841372
0.9403709863724349	0.010677997241577005
0.9353923978667993	0.01148477863011044
0.930412404395033	0.012278835265418822
0.9254310176940859	0.01306017694085864
0.9204482493756807	0.01382881305936
0.9154641109304782	0.014584752631619225
0.9104786137322671	0.01532800427428976
0.9054917690421765	0.01605857620817034
0.9005035880129137	0.01677647625639031
0.8955140816930246	0.017481711842591216
0.8905232610311786	0.01817428998910382
0.8855311368804778	0.01885421731512036
0.8805377200027888	0.0195215000348609
0.8755430210731002	0.020176143955733042
0.8705470506839023	0.02081815447648444
0.8655498193495921	0.02144753658534708
0.8605513375109022	0.0220642948581725
0.8555516155393529	0.022668433456556933
0.8505506637417304	0.023259956125955564
0.8455484923645871	0.0238388661937848
0.8405451115987685	0.024405166567511447
0.8355405315839636	0.024958859732727712
0.8305347624132798	0.025499947751210866
0.8255278141378438	0.02602843225896638
0.8205196967714268	0.02654431446425309
0.8155104202950955	0.027047595145589375
0.8104999946618885	0.02753827464973846
0.805488429801518	0.028016352889671935
0.8004757356250992	0.028481829342509396
0.795461922029904	0.028934703047433046
0.790446998904143	0.029374972603575387
0.7854309761317742	0.029802636167878146
0.7804138635973384	0.030217691452920775
0.7753956711908239	0.030620135724716526
0.770376408812558	0.03100996580047402
0.7653560863781284	0.03138717804632232
0.7603347138233333	0.03175176837499727
0.7553123011091618	0.032103732243486706
0.7502888582268041	0.03244306465063221
0.7452643952026937	0.0327697601346849
0.7402389221035799	0.033083812770812626
0.7352124490416343	0.033385216168555616
0.7301849861795897	0.033673963469227956
0.7251565437359128	0.03395004734326177
0.7201271319900122	0.034213459987490834
0.7150967612874825	0.03446419312237044
0.7100654420453838	0.034702237989129914
0.7050331847575608	0.03492758534685443
0.7	0.03514022546949175
0.6949937364325263	0.03534471990247356
0.6899873063565082	0.03554563164477823
0.6849807116701415	0.03574295237762336
0.6799739542860955	0.03593667323588882
0.6749670361326365	0.03612678480402298
0.6699599591547616	0.03631327711181281
0.6649527253153429	0.03649613963001275
0.6599453365962832	0.03667536126582589
0.6549377949996836	0.03685093035823191
0.6499301025490225	0.037022834673154426
0.6449222612903476	0.0371910613984619
0.6399142732934809	0.037355597138794175
0.6349061406532378	0.0375164279102073
0.6298978654906593	0.03767353913462904
0.6248894499542601	0.037826915634116214
0.6198808962212917	0.037976541624905484
0.6148722064990215	0.03812240071124818
0.6098633830260284	0.03826447587901952
0.6048544280735165	0.03840274948909195
0.5998453439466468	0.0385372032704617
0.5948361329858876	0.038667818313117525
0.5898267975683851	0.03879457506063914
0.5848173401093549	0.0389174533025131
0.5798077630634952	0.039036432166152595
0.5747980689264219	0.039151490108606975
0.5697882602361288	0.039262604907946135
0.5647783395744719	0.03936975365430421
0.5597683095686793	0.039472912740565365
0.5547581728928892	0.03957205785267469
0.5497479322697164	0.03966716395955497
0.5447375904718479	0.03975820530260979
0.5397271503236706	0.039845155384792025
0.5347166147029317	0.03992798695921532
0.5297059865424341	0.04000667201728503
0.5246952688317669	0.040081181776323686
0.5196844646190755	0.04015148666666412
0.5146735770128708	0.040217556318182204
0.509662609183881	0.04027935954623917
0.504651564366947	0.04033686433700119
0.4996404458629661	0.04039003783210264
0.49462925704088256	0.04043884631261639
0.4896180013397321	0.04048325518229271
0.48460668227073966	0.040523228950025476
0.4795953034194752	0.04055873121150164
0.4745838684480706	0.040589724629987084
0.4695723810975001	0.04061617091619857
0.46456084518992924	0.040638030807208195
0.459549264631135	0.040655264044322736
0.45453764341300246	0.040667829349876575
0.44952598561610135	0.040675684402872066
0.44451429541234755	0.04067878581339683
0.43950257706775553	0.04067708909574197
0.4344908349452858	0.040670548640139706
0.4294790735077942	0.04065911768303293
0.4244672973210893	0.04064274827578219
0.41945551105710377	0.04062139125170898
0.4144437194971888	0.040594996191365536
0.40943192753553714	0.04056351138591355
0.4044201401827454	0.04052688379848424
0.39940836256952317	0.04048505902338226
0.3943965999505599	0.04043798124298457
0.3893848577085594	0.040385593182173364
0.38437314135845385	0.04032783606012824
0.37936145655181003	0.04026464953928836
0.3743498090814409	0.04019597167127904
0.3693382048862374	0.040121738839579243
0.36432665005623666	0.0400418856986867
0.3593151508379433	0.039956345109515824
0.3543037136399236	0.03986504807073949
0.34929234503869255	0.039767923645759116
0.3442810517849165	0.039664898884958166
0.33926984080995576	0.03955589874286154
0.3342587192327741	0.03944084598978722
0.32924769436724544	0.03931966111753598
0.32423677372988813	0.03919226223862024
0.3192259650480644	0.03905856497848308
0.3142152762686825	0.03891848236010232
0.3092047155674456	0.03877192468031185
0.3041942913586942	0.03861879937710231
0.2991840123058945	0.038459010887083936
0.2941738873328316	0.03829246049220563
0.28916392563557114	0.03811904615472412
0.28415413669526074	0.03793866233930346
0.27914453029185154	0.03775119982099737
0.27413511651882794	0.037556545477720873
0.26912590579904494	0.037354582065652356
0.2641169089017833	0.03714518797581891
0.2591081369611477	0.036928236969901954
0.2540996014959466	0.03670359789305375
0.2490913144312117	0.03647113436123219
0.2440832881215341	0.03623070442023595
0.23907553537641824	0.03598216017324503
0.2340680694878813	0.03572534737323804
0.2290609042605568	0.03546010497615189
0.22405405404459777	0.035186264650061895
0.21904753377171743	0.03490365023497484
0.21404135899475385	0.034612077147022594
0.209035545931204	0.034311351719900005
0.20403011151124065	0.03400127047527497
0.19902507343080686	0.033681619312579084
0.1940204502104779	0.03335217260701748
0.1890162612608962	0.033012692202763316
0.18401252695572073	0.03266292628605619
0.1790092687131975	0.032302608120219664
0.17400650908765683	0.0319314546213403
0.1690042718724845	0.031549164749371555
0.1640025822164085	0.03115541768456183
0.15900146675530577	0.03074987075312608
0.15400095376217865	0.03033215705868813
0.14900107331850754	0.029901882766822055
0.1440018575108782	0.029458623978501745
0.13900334065765763	0.02900192311373967
0.13400555957159932	0.02853128470823596
0.12900855386567778	0.028046170502217145
0.12401236631127827	0.027545993670105587
0.11901704326024846	0.027030111999854337
0.11402263514544374	0.02649781977838464
0.10902919707855117	0.025948338069860296
0.1040367895695551	0.025380802979747923
0.0990454793997938	0.02479425136985617
0.09405534069101425	0.024187603313162363
0.08906645622745997	0.023559640330115542
0.08407891910881946	0.022908978096271026
0.07909283484194629	0.022234031801242195
0.07410832402365043	0.021532971585431018
0.06912552583379901	0.020803664342797252
0.0641446026614142	0.020043596416073464
0.05916574635080376	0.01924976890720801
0.05418918682419896	0.018418552721865933
0.049215204295368194	0.017545482628108143
0.044244147100582235	0.01662495569015464
0.03927645868570128	0.01564977346653703
0.03431272027758863	0.014610415939156875
0.029353722121661766	0.013493825661666898
0.0244005909587683	0.012281225306102126
0.019455040181874286	0.010943821453480166
0.01451992862906711	0.009433177131013453
0.009600783096897228	0.007654893406904425
0.004711751378388764	0.005365335049835398
0	0
0.005288248621611236	-0.004795947294733357
0.010399216903102772	-0.006520199529353405
0.015480071370932888	-0.007737258763666514
0.020544959818125715	-0.00869076022899037
0.025599409041231702	-0.009475102857122535
0.03064627787833823	-0.01013872362085057
0.035687279722411376	-0.010710415939156875
0.04072354131429872	-0.011208957140006416
0.04575585289941776	-0.011647404669746477
0.05078479570463181	-0.012035278546475492
0.05581081317580104	-0.01237977721166185
0.060834253649196236	-0.01268650360108556
0.06585539733858581	-0.012959922946685708
0.070874474166201	-0.013203664342797251
0.07589167597634956	-0.013420726687471834
0.08090716515805371	-0.013613623637976888
0.08592108089118056	-0.01378448830035266
0.09093354377254002	-0.013935150534197176
0.09594465930898576	-0.014067195149897054
0.10095452060020621	-0.014182006471896986
0.10596321043044489	-0.014280802979747924
0.11097080292144883	-0.014364664600472542
0.11597736485455627	-0.01443455447226219
0.12098295673975153	-0.014491336489650255
0.12598763368872173	-0.014535789588472932
0.13099144613432223	-0.01456861948180898
0.1359944404284007	-0.014590468381705345
0.1409966593423424	-0.014601923113739671
0.14599814248912177	-0.01460352193768542
0.15099892668149245	-0.01459576031784246
0.15599904623782135	-0.014579095834198334
0.16099853324469424	-0.01455395238577914
0.1659974177835915	-0.014520723807010806
0.1709957281275155	-0.014479776994269514
0.17599349091234315	-0.0144314546213403
0.1809907312868025	-0.014376077507974762
0.18598747304427926	-0.01431394669421945
0.1909837387391038	-0.014245345263987803
0.19597954978952212	-0.014170539953956254
0.20097492656919316	-0.014089782577885205
0.20596988848875933	-0.014003311291601506
0.210964454068796	-0.013911351719900007
0.21595864100524614	-0.013814117963349127
0.22095246622828257	-0.013711813500280964
0.22594594595540224	-0.01360463199700067
0.2309390957394432	-0.013492758037376375
0.23593193051211866	-0.013376367781401308
0.24092446462358175	-0.013255629561000131
0.2459167118784659	-0.013130704420235957
0.2509086855687883	-0.013001746606130153
0.2559003985040534	-0.01286890401550272
0.2608918630388523	-0.012732318602555017
0.26588309109821673	-0.012592126751329112
0.2708740942009551	-0.01244845961667276
0.2758648834811721	-0.012301443436904543
0.2808554697081485	-0.012151199820997374
0.2858458633047392	-0.011997846012772841
0.2908360743644288	-0.01184149513431596
0.29582611266716835	-0.011682256410572979
0.3008159876941055	-0.011520235376879852
0.3058057086413058	-0.011355534070979861
0.3107952844325544	-0.011188251210924097
0.3157847237313175	-0.011018482360102319
0.3207740349519356	-0.0108463200805239
0.3257632262701119	-0.010671854075354936
0.3307523056327546	-0.010495171321617612
0.3357412807672259	-0.010316356193868849
0.3407301591900443	-0.01013549057959624
0.3457189482150834	-0.009952653986998987
0.3507076549613074	-0.009767923645759123
0.3556962863600764	-0.009581374601351736
0.3606848491620567	-0.009393079803393371
0.3656733499437633	-0.009203110188482617
0.37066179511376257	-0.009011534757946593
0.3756501909185591	-0.008818420650870882
0.38063854344819	-0.00862383321275774
0.38562685864154617	-0.00842783606012824
0.3906151422914406	-0.008230491141357037
0.3956034000494401	-0.008031858794004976
0.4005916374304769	-0.007831997798892463
0.40557985981725464	-0.0076309654311372994
0.4105680724644628	-0.007428817508362533
0.4155562805028112	-0.007225608436263492
0.4205444889428962	-0.007021391251708978
0.4255327026789107	-0.006816217663537294
0.4305209264922058	-0.0066101380911961875
0.4355091650547142	-0.0064032017013642036
0.4404974229322445	-0.006195456442680752
0.44548570458765246	-0.005986949078702952
0.45047401438389867	-0.005777725219198594
0.4554623565869976	-0.005567829349876586
0.46045073536886505	-0.005357304860649264
0.4654391548100708	-0.005146194072514317
0.47042761890249984	-0.0049345382631373474
0.47541613155192936	-0.0047223776912115704
0.48040469658052476	-0.004509751619664909
0.4853933177292603	-0.004296698337780576
0.4903819986602679	-0.0040832551822927166
0.4953707429591174	-0.003869458557514343
0.5003595541370339	-0.0036553439545516236
0.505348435633053	-0.0034409459696542535
0.5103373908161191	-0.0032262983217493726
0.5153264229871293	-0.003011433869202617
0.5203155353809246	-0.002796384625847796
0.5253047311682332	-0.0025811817763236877
0.530294013457566	-0.0023658556907544225
0.5352833852970683	-0.0021504359388071596
0.5402728496763295	-0.0019349513031593699
0.5452624095281522	-0.001719429792405705
0.5502520677302837	-0.0015038986534325165
0.5552418271071109	-0.001288384383286937
0.5602316904313208	-0.0010729127405653682
0.565221660425528	-0.0008575087563450282
0.5702117397638711	-0.0006421967446808285
0.575201931073578	-0.00042700031268860794
0.5801922369365047	-0.00021194237023423185
0.585182659890645	0.0000029548607522050796
0.5901732024316149	0.00021766983732004336
0.5951638670141124	0.0004321816868824678
0.6001546560533532	0.0006464701989260489
0.6051455719264834	0.0008605158170304945
0.6101366169739716	0.0010742996311845568
0.6151277935009785	0.0012878033703844771
0.6201191037787083	0.0015010093955026768
0.6251105500457399	0.001713900692414394
0.6301021345093407	0.0019264608653709603
0.6350938593467622	0.002138674130609027
0.6400857267065191	0.0023505253101854147
0.6450777387096525	0.0025619998260278908
0.6500698974509775	0.0027730836941925116
0.6550622050003164	0.002983763519319109
0.6600546634037169	0.0031940264892761465
0.6650472746846572	0.0034038603699872542
0.6700400408452385	0.0036132535004320884
0.6750329638673636	0.003822194787813756
0.6800260457139046	0.004030673702886692
0.6850192883298586	0.004238680275437869
0.6900126936434917	0.004446205089915644
0.6950062635674736	0.004653239281199909
0.7	0.004859774530508246
0.7049668152424391	0.00506130354203446
0.7099345579546161	0.0052533175664256394
0.7149032387125175	0.005435806877629559
0.7198728680099877	0.005608762234731385
0.7248434562640872	0.005772174878960453
0.7298150138204103	0.00592603653077204
0.7347875509583657	0.006070339386999942
0.7397610778964201	0.006205076118076266
0.7447356047973063	0.006330239865315095
0.7497111417731959	0.006445824238256679
0.7546876988908382	0.00655182331206885
0.7596652861766667	0.006648231625002726
0.7646439136218717	0.006735044175899896
0.7696235911874421	0.0068122564217482
0.7746043288091762	0.006879864275283466
0.7795861364026616	0.006937864102634778
0.7845690238682259	0.006986252721010739
0.789553001095857	0.007025027396424608
0.7945380779700961	0.007054185841455837
0.7995242643749009	0.007073726213046154
0.8045115701984821	0.007083647110328056
0.8095000053381116	0.007083947572483755
0.8144895797049044	0.007074627076632851
0.8194803032285731	0.007055685535746908
0.8244721858621561	0.00702712329658918
0.8294652375867201	0.006988941137678022
0.8344594684160364	0.006941140267272295
0.8394548884012314	0.00688372232137744
0.8444515076354129	0.006816689361770755
0.8494493362582696	0.006740043874044437
0.8544483844606471	0.006653788765665289
0.8594486624890978	0.006557927364049723
0.8644501806504079	0.006452463414652918
0.8694529493160977	0.0063374010790711146
0.8744569789268998	0.0062127449331558435
0.8794622799972112	0.006078499965139099
0.8844688631195222	0.005934671573768526
0.8894767389688214	0.0057812655664517335
0.8944859183069754	0.005618288157408777
0.8994964119870863	0.005445745965831908
0.9045082309578235	0.0052636460140518745
0.9095213862677329	0.005071995725710232
0.9145358890695219	0.004870802923936319
0.9195517506243194	0.0046600758295288775
0.9245689823059142	0.004439823059141346
0.9295875956049671	0.004210053623470053
0.9346076021332008	0.0039707769254451
0.939629013627565	0.003722002758423003
0.9446518419543782	0.003463741304380861
0.9496760991134444	0.003196003132111301
0.9547017972421473	0.002918799195417864
0.9597289486195193	0.0026321408313103186
0.9647575656702867	0.0023360397581995377
0.9697876609688909	0.0020305080740914755
0.9748192472434855	0.0017155582547798763
0.9798523373799078	0.0013912031520373494
0.9848869444256286	0.0010574559918046494
0.9899230815936743	0.0007143303723774094
0.9949607622665273	0.00036184026259059114
1	6.878025237429493e-18
