# NACA 2405
1	-6.923525349260335e-18
0.990137990607986	0.0012491411029964825
0.980274192432756	0.0024799333455445653
0.9704086394867129	0.003692525117019516
0.9605413647193246	0.00488705822286383
0.9506724000515111	0.006063667854704393
0.9408017764101628	0.007222482559357553
0.9309295237627928	0.008363624206651842
0.9210556711523292	0.009487207955992803
0.9111802467320528	0.010593342221589632
0.9013032778006835	0.011682128636257097
0.891424790837625	0.012753662013700373
0.8815448115383694	0.013808030309183627
0.8716633648500735	0.014845314578475575
0.8617804750073106	0.015865588934957868
0.8518961655680076	0.016868920504773014
0.8420104594495754	0.017855369379879728
0.8321233789652416	0.018824988568872818
0.822234945860596	0.01977782394541435
0.8123451813503605	0.02071391419410991
0.8024541061553925	0.021633290753651457
0.7925617405399372	0.022535977757032984
0.7826681043491416	0.023421991968630165
0.7727732170468433	0.024291342717917296
0.7628770977536535	0.025144031829576197
0.7529797652853475	0.025980053549730965
0.7430812381915853	0.026799394468019128
0.7331815347949806	0.027602033435185573
0.7232806732305401	0.028387941475856437
0.713378671485499	0.029157081696121093
0.7034755474395782	0.0299094091855154
0.6935713189056903	0.0306448709129629
0.6836660036711291	0.031363405616188264
0.6737596195392723	0.03206494368407271
0.6638521843718402	0.03274940703136858
0.6539437161317455	0.03341670896513513
0.6440342329265824	0.034066754042193004
0.6341237530528044	0.03469943791682533
0.6242122950406429	0.03531464717787412
0.6142998776998263	0.035912259174292464
0.604386520166166	0.036492141828114125
0.5944722419490815	0.037054153433691034
0.5845570629801421	0.03759814244192394
0.5746410036627159	0.03812394722807037
0.5647240849228222	0.038631395841554526
0.5548063282612973	0.03912030573602353
0.5448877558073915	0.039590483477689384
0.5349683903739355	0.04004172442976283
0.5250482555142232	0.040473812410520595
0.5151273755807797	0.04088651932224355
0.5052057757862034	0.041279604747916934
0.49528348226629154	0.04165281551218461
0.48536052214568887	0.04200588520259155
0.47543692360632656	0.04233853364661883
0.4655127159589551	0.04265046633940385
0.45558792971811435	0.0429413738163273
0.44566259668093333	0.043210930963821906
0.43573675001020334	0.0434587962607915
0.4258104243222355	0.04368461094189802
0.4158836557800852	0.04388799807264349
0.4059564821928163	0.044068561524605185
0.39601561708249255	0.04422478609042062
0.38605416306532053	0.044346069611436695
0.37609207886126134	0.04442947703878239
0.3661294678429183	0.04447452117997901
0.3561664384890794	0.044480688904206866
0.34620310473212973	0.044447439167689146
0.3362395863388682	0.044374200781651496
0.3262760093299588	0.04426036988075496
0.3163125064442581	0.04410530704153156
0.3063492176554955	0.04390833399000586
0.2963862907503229	0.043668729824811806
0.2864238819786632	0.04338572666598997
0.2764621567896886	0.043058504619314285
0.2665012906697999	0.04268618592015534
0.25654147010284883	0.042267828087788936
0.24658289367782613	0.041802415878302246
0.23662577337569163	0.041288851768514274
0.22667033607548642	0.04072594462995584
0.2167168253310594	0.040112396154344795
0.20676550348473605	0.03944678446064959
0.19681665420457436	0.03872754413490488
0.1868705855597702	0.03795294170689116
0.17692763378768595	0.03712104522164078
0.16698816796109817	0.036229686070874775
0.15705259584373513	0.03527641053519097
0.14712137133902622	0.03425841743213258
0.1371950041125779	0.03317247667054147
0.12727407223928408	0.03201482104292604
0.11735923915399621	0.030780999658947296
0.10745127688382894	0.029465674971363487
0.09755109872420617	0.028062334360300874
0.08765980661191099	0.02656286773360548
0.07777876232900457	0.02495692619900802
0.06790969931254856	0.023230904784865104
0.05805490802166141	0.02136623872231207
0.048217565323001275	0.01933634489303382
0.038402376263813494	0.017100600275309054
0.028616997160970187	0.014590846530776896
0.01887588337747032	0.011674493516862654
0.009215208417164323	0.00800971839216699
0	0
0.01058677178085548	-0.006054027773600184
0.020728077018569286	-0.007812127082199387
0.030788943433089216	-0.008870819082487515
0.040805544528265715	-0.009571926615863903
0.05079233566709774	-0.010048039824903245
0.060756973166457395	-0.01036731704796642
0.07070416207359007	-0.010570381306774724
0.08063707925515384	-0.01068381571964325
0.09055801517026722	-0.01072618505543667
0.10046870325599186	-0.010711094285798375
0.11037050529438888	-0.010648892302997643
0.1202645232222414	-0.010547689199188455
0.13015167033497335	-0.010413997594244537
0.14003271865969935	-0.010253155035407661
0.1499083316312708	-0.010069612413016812
0.1597790873245817	-0.009867136934563581
0.1696454954052385	-0.009648958691206123
0.17950800977667047	-0.009417878865401198
0.18936703820260603	-0.009176351176551002
0.1992229497558217	-0.008926544232934487
0.20907608067367978	-0.008670389989519309
0.21892673902537624	-0.008409621916524983
0.22877520847896904	-0.008145805427916823
0.2386217513767836	-0.007880362404726414
0.24846661127266892	-0.007614591155235887
0.25831001504566603	-0.007349682807914423
0.2681521746767348	-0.007086734885943007
0.2779932887548659	-0.006826762633234493
0.287833543763911	-0.0065707085305130655
0.2976731151902711	-0.006319450342408127
0.30751216848311835	-0.006073807963145762
0.31735085989237555	-0.005834549272685369
0.3271893372046947	-0.005602395172393044
0.3370277403938051	-0.0053780239362441785
0.3468662021985633	-0.0051620749877067905
0.3567048486396334	-0.004955152192119821
0.3665437994838144	-0.0047578267382576075
0.37638316866349114	-0.004570639669896993
0.38622306465745176	-0.00439410411785764
0.39606359083829956	-0.0042287072746182534
0.4059247059259956	-0.00407248270880281
0.41579951253674646	-0.003915882049159956
0.425674724192616	-0.003758242067386803
0.43555037870266794	-0.003599958891906098
0.44542651222995777	-0.003441409457215803
0.4553031593907966	-0.0032829525286539804
0.46518035334797564	-0.0031249296273167942
0.4750581258986239	-0.0029676658667715447
0.4849365075572814	-0.002811470711637499
0.49481552763469855	-0.0026566386667772925
0.5046952143128065	-0.002503449904709843
0.51457559471625	-0.002352170837890157
0.5244566949808264	-0.002203054641674404
0.5343385403191339	-0.0020563417330773243
0.5442211550836977	-0.0019122602098180404
0.5541045628278117	-0.0017710262536198389
0.5639887863643064	-0.0016328445012719767
0.5738738478224326	-0.0014979083865624583
0.5837597687030261	-0.001366400455844144
0.5936465699321065	-0.0012384926596928393
0.6035342719130419	-0.0011143466228510195
0.6134228945774014	-0.0009941138944179403
0.6233124574346046	-0.0008779361800416684
0.6332029796204629	-0.0007659455576884272
0.6430944799447048	-0.0006582646784051398
0.6529869769375615	-0.0005550069533497917
0.6628804888954866	-0.00045627672823926255
0.6727750339260743	-0.00036216944625289127
0.6826706299922374	-0.0002727718003314363
0.6925672949556957	-0.0001881618757225388
0.7024650466198277	-0.00010840928354500026
0.7123639027719266	-0.0000335752860741393
0.7222638812249054	0.00003628708561357122
0.7321649998584847	0.00010113292105401288
0.7420672766598998	0.00016092532633654733
0.7519707297641575	0.00021563532608731388
0.7618753774938712	0.00026524177105119104
0.7717812383987013	0.0003097312508657229
0.7816883312944228	0.0003490980116549868
0.791596675301647	0.0003833438781008277
0.8015062898842116	0.00041247817967751677
0.8114171948872634	0.00043651768076074203
0.8213294105750475	0.0004554865143445042
0.8312429576684217	0.0004694161191207396
0.8411578573821077	0.00047834517969504685
0.8510741314616953	0.0004823195697294877
0.8609918022204122	0.00048139229781887696
0.8709108925756691	0.0004756234559219266
0.880831426085393	0.00046508017018114314
0.8907534269841572	0.0004498365539781779
0.9006769202191185	0.0004299736630817459
0.9106019314857691	0.0004055794527560181
0.9205284872635124	0.00037674873670616536
0.9304566148510687	0.00034358314774695937
0.9403863424017183	0.00030619110008760653
0.9503176989583898	0.00026468775313362447
0.9602507144885961	0.00021919497671355793
0.9701854199192277	0.00016984131764375614
0.9801218471712043	0.0001167619675511032
0.9900600291939942	0.000060098731878095095
1	6.923525349260335e-18
