# NACA 2412
1	-1.6616460838224803e-17
0.9901925635977804	0.0020814707627793538
0.9803808341158421	0.004134153310139989
0.9705648931839526	0.006158403776582548
0.9607448198808344	0.008154562495169021
0.9509206908166961	0.010122953925803932
0.941092580216074	0.012063886580846516
0.9312605600009998	0.01397765294788526
0.921424699874501	0.015864529409493452
0.9115850674044512	0.01772477615977316
0.9017417281077791	0.019558637117479846
0.8918947455350524	0.021366339835505906
0.8820441813554528	0.023148095406485363
0.8721900954421565	0.024904098364263126
0.8623325459581395	0.026634526580955165
0.8524715894424264	0.028339541159303483
0.8426072808968029	0.030019286320009008
0.8327396738730154	0.031673889283699276
0.8228688205604799	0.03330346014716323
0.8129947718745285	0.03490809175345432
0.803117577545219	0.03648785955543321
0.7932372862067403	0.03804282147228549
0.7833539454874445	0.039573017738512795
0.7734676021005428	0.04107847074485339
0.763578301935501	0.0425591848705437
0.7536860901501805	0.04401514630628152
0.7437910112637653	0.04544632286719693
0.7338931092505278	0.04685266379507766
0.7239924276344843	0.048234099549026445
0.7140890095849998	0.04959054158365775
0.7041828980134036	0.050921882113857675
0.6942741356706865	0.052227993865042704
0.6843627652463531	0.05350872980775206
0.6744488294685109	0.054763922875300616
0.664532371205288	0.055993385663094065
0.6546134335676742	0.05719691010807458
0.6446920600138967	0.0583742671466117
0.6347682944554436	0.05952520634898496
0.6248421813648698	0.06064945552841518
0.6149137658855236	0.061746720322389745
0.6049830939433529	0.06281668374378971
0.5950502123609641	0.06385900569905974
0.5851151689741234	0.06487332247036161
0.5751780127509142	0.06585924615831334
0.5652387939137833	0.06681636408153308
0.5552975640647373	0.06774423812877386
0.5453543763139771	0.06864240405894458
0.5354092854122966	0.06951037074375094
0.5254623478876009	0.07034761934705709
0.5155136221859505	0.07115360243433713
0.5055631688175813	0.07192774300475568
0.49561105050840665	0.07266943343745794
0.4856573323575741	0.07337803434255187
0.4757020820017185	0.07405287330599208
0.4657453697866408	0.0746932435161083
0.45578726894723687	0.0752984022578142
0.4458278557966162	0.0758675692585483
0.43586720992547817	0.07639992486767982
0.42590541441296914	0.0768946080483974
0.4159425560504223	0.0773507141579059
0.40597872557959086	0.07776729248799077
0.3959820354534277	0.07814223144594783
0.3859359319508287	0.07846419122194273
0.3758883159997005	0.07872955873485796
0.36583943569429106	0.07893716472274463
0.35578955138369156	0.07908577767163556
0.3457389365056263	0.0791740990764663
0.3356878785004123	0.07920075808417847
0.3256366798176437	0.07916430541795857
0.315585659030576	0.0790632064614834
0.3055351520761595	0.07889583335721201
0.29548551364235914	0.07866045594186576
0.2854371187289897	0.07835523130354209
0.27539036441406456	0.07797819169609843
0.2653456718649454	0.07752723048442418
0.25530348864287683	0.07700008571478129
0.24526429136143618	0.07639432080177894
0.23522858877492728	0.07570730168978275
0.22519692539304856	0.07493616967046669
0.21516988574503762	0.07407780880395365
0.20514809945247542	0.07312880657576781
0.19513224731870124	0.07208540599239242
0.18512306870978515	0.07094344672530067
0.1751213705953968	0.06969829208257017
0.16512803875019993	0.06834473740433142
0.15514405180714255	0.06687689376401915
0.14517049913445507	0.06528803832373715
0.1352086039295929	0.06357041886470587
0.12525975357230157	0.061714994088945443
0.11532554030622458	0.05971108185964232
0.10540781699643698	0.05754587206341627
0.0955087755519562	0.05520373441257034
0.08563106062106161	0.052665204685934976
0.07577794048070009	0.0499054455420639
0.0659535753798195	0.04689180504901298
0.05616346242030422	0.043579727761507
0.04641522608213375	0.03990541419558976
0.036720158478696946	0.035771369099130125
0.027096634770486863	0.031014012460061982
0.017579347828701044	0.025315127936206085
0.008255114062580515	0.01785434070820401
0	0
0.011546866135439288	-0.015898650089637204
0.02202461256733856	-0.021452761501542815
0.03230930582357254	-0.0252939850117726
0.04248776231338226	-0.028242695439684974
0.052594674907965266	-0.03061710912745919
0.06264841876781459	-0.03258080608716136
0.07266028600631913	-0.0342312815709226
0.08263790110345832	-0.03563233506269914
0.0925867611611166	-0.03682852200776617
0.10251102642824184	-0.03785249433806785
0.11241396518178084	-0.03872908939505043
0.12229822207001304	-0.039477771399883475
0.13216598900195586	-0.040114170640263944
0.14201911884268434	-0.04065109722957205
0.15185920383584195	-0.04109923330462138
0.16168763136117428	-0.041467620163391755
0.17150562461613672	-0.041764010024662755
0.1813142729689596	-0.04199512572633059
0.1911145550525911	-0.04216685619496051
0.20090735664169482	-0.042284406090422035
0.2106934847059404	-0.04235241210463754
0.22047367861139802	-0.042375034566133826
0.2302486191614069	-0.042356030468427674
0.24001893597754795	-0.04229881232599489
0.24978521358905886	-0.042206496078712574
0.25954799650563803	-0.04208194043490676
0.2693077934815893	-0.04192777945021185
0.27906508113048994	-0.04174644971001863
0.2888203070135845	-0.04154021316806519
0.2985738922982349	-0.04131117645946207
0.30832623406245435	-0.0410613073303519
0.31807770730605767	-0.04079244869263722
0.3278286667170098	-0.04050633070959665
0.337579448232261	-0.040204581238771145
0.3473303704250667	-0.039888734896483945
0.3570817357450213	-0.03956024095954851
0.3668338316324416	-0.039220470281023226
0.37658693152505196	-0.038870721365972555
0.3863412957719436	-0.03851222572836367
0.3960971724673644	-0.03814615263014545
0.4059024625392211	-0.0377712136721884
0.41574061226640935	-0.03737859813442237
0.4255797341018823	-0.036968239173886176
0.4354199187873931	-0.036541087498794415
0.4452612531142749	-0.0360980477519422
0.45510382016167406	-0.035639980970140886
0.46494769952028997	-0.035167706804021245
0.47479296750323197	-0.0346820055261448
0.4846396973453962	-0.03418361985159783
0.49448795939258344	-0.03367325659205063
0.5043378212814286	-0.03315158816154858
0.5141893481110792	-0.032619253949983745
0.5240426026074486	-0.032076861578210894
0.5338976452807728	-0.03152498804706544
0.5437545345771121	-0.030964180791073232
0.5536133270243717	-0.030394958646370186
0.5634740773733453	-0.02981781274125053
0.5733368387342342	-0.029233207316805437
0.5832016627090448	-0.02864158048428181
0.593068599520224	-0.028043344925061543
0.602937698135855	-0.027438888538526614
0.6128090063917041	-0.02682857504251522
0.6226825711103777	-0.026212744530582723
0.6325584382178238	-0.025591713989848056
0.6424366528573905	-0.02496577778282384
0.6523172595016328	-0.02433520809628924
0.6622003020620388	-0.02370025535996475
0.6720858239968357	-0.023061148637480804
0.6819738684170134	-0.022418095991895225
0.6918644781906995	-0.021771284827802342
0.7017576960460022	-0.02112088221188728
0.7116535646724259	-0.0204670351736108
0.7215521268209611	-0.01980987098755644
0.7314534254029376	-0.01914949743883808
0.7413575035877198	-0.018486003072841255
0.7512644048993244	-0.017819457430463245
0.7611741733120237	-0.01714991126991631
0.7710868533450018	-0.01647739677607038
0.7810024901561199	-0.01580192775822764
0.790921129634844	-0.015123499837151682
0.8008428184943851	-0.014442090622104239
0.8107676043630954	-0.013757659878583671
0.8206955358751635	-0.013070149687404383
0.8306266627606479	-0.012379484595705717
0.8405610359348802	-0.011685571760434232
0.8504987075872765	-0.01098830108480098
0.8604397312695833	-0.010287545348178419
0.870384161983586	-0.009583160329865626
0.8803320562683096	-0.008874984927120595
0.8902834722867298	-0.008162841267827356
0.9002384699120229	-0.0074465348181410014
0.9101971108133706	-0.0067258544854275105
0.9201594585413406	-0.006000572716794481
0.9301255786128617	-0.005270445593486457
0.9400955385958071	-0.004535212921401356
0.9500694081932048	-0.003794598317965914
0.9600472593270863	-0.0030483092955916322
0.970029166221988	-0.002296037341919276
0.9800152054881183	-0.0015374579970443205
0.9900054562041998	-0.0007722309279047761
1	1.6616460838224803e-17
